% Model:              板.mph
% Version:            COMSOL 6.0.0.318
% Date:               Aug 12 2022, 11:15
% Dimension:          2
% Nodes:              1225
% Expressions:        1
% Description:        表面
% surf1x                  surf1y                   电流密度模
14.705882352941178        11.764705882352947       41.2147805755184
17.647058823529413        11.764705882352942       43.60238069406857
14.705882352941174        14.705882352941178       43.229461723676096
17.647058823529413        14.705882352941174       44.952163092266716
20.588235294117652        14.705882352941174       46.226040649822906
23.529411764705877        14.705882352941174       47.0380197275507
20.588235294117645        17.647058823529417       46.89891094285374
23.529411764705873        17.647058823529406       47.33836461751003
14.705882352941178        26.470588235294123       47.40892539684665
17.647058823529413        26.470588235294123       47.40310425885581
14.705882352941178        29.411764705882373       47.303967768845105
17.647058823529417        29.411764705882355       47.08711699208796
20.58823529411765         26.470588235294112       47.226188647111606
20.588235294117645        29.411764705882355       46.72730969184774
14.705882352941174        32.352941176470615       46.80233285336899
17.647058823529406        32.35294117647057        46.44510792836725
14.705882352941172        35.29411764705884        45.98557632015911
17.647058823529417        35.29411764705885        45.529259030979155
20.588235294117645        11.764705882352942       45.39938479186003
23.529411764705877        11.764705882352946       46.612139941260665
26.470588235294105        11.76470588235294        47.247234101939625
26.470588235294112        14.705882352941174       47.3800455528008
23.529411764705873        8.823529411764708        46.11760771134647
26.470588235294105        8.823529411764712        47.04214717742187
11.764705882352942        0                        29.95878064720945
14.705882352941174        0                        35.36359511411754
11.76470588235294         2.941176470588237        30.689419888966484
14.705882352941172        2.9411764705882373       35.84643552858754
11.76470588235294         5.882352941176473        32.67102232288939
14.705882352941172        5.882352941176473        37.18547987018959
11.76470588235294         8.823529411764712        35.3999397193531
14.705882352941172        8.82352941176471         39.08021157400014
11.76470588235294         11.764705882352942       38.40478537817956
20.588235294117645        8.823529411764707        44.500025491067376
17.647058823529413        5.882352941176469        40.901758630996305
17.647058823529413        8.823529411764712        42.16440863356266
29.411764705882348        11.76470588235294        47.358141889870566
29.411764705882348        14.705882352941174       47.27467009571557
32.35294117647057         11.76470588235294        47.015234966808165
32.35294117647058         14.705882352941174       46.78115690681402
35.29411764705883         11.764705882352946       46.29676571722178
35.29411764705883         14.705882352941174       45.961437150650056
29.411764705882344        8.82352941176471         47.3543137688137
32.35294117647057         8.82352941176471         47.152247663691426
35.294117647058826        8.823529411764712        46.5304697650266
26.470588235294105        5.882352941176468        46.835483137762886
29.411764705882344        5.88235294117647         47.31782905044297
32.35294117647057         5.88235294117647         47.22978869018924
35.294117647058826        5.882352941176471        46.681734361020524
29.411764705882348        0                        47.26942473010206
32.35294117647058         0                        47.26806346447792
29.411764705882344        2.941176470588237        47.281059432111746
32.35294117647059         2.9411764705882364       47.26166232464501
38.23529411764706         8.823529411764708        45.57153057641295
38.235294117647065        11.764705882352946       45.27757786992904
38.23529411764706         5.88235294117647         45.7722490683754
41.17647058823529         5.882352941176473        44.592277515223515
41.17647058823529         8.823529411764708        44.36401002903599
35.29411764705884         2.941176470588237        46.767102728970116
38.23529411764706         2.9411764705882364       45.88709099214279
41.1764705882353          2.9411764705882364       44.7256994249169
35.29411764705883         0                        46.79534252975208
38.235294117647065        0                        45.925467503109665
44.11764705882352         5.88235294117647         43.21654226657824
44.11764705882352         8.823529411764712        42.97757197997663
47.05882352941175         5.88235294117647         41.701099262905394
47.05882352941175         8.823529411764712        41.45900544130358
41.1764705882353          0                        44.769450467407026
50                        5.88235294117647         40.09830790522487
50                        8.82352941176471         39.85916889859505
52.941176470588246        0                        38.636996704045856
55.88235294117648         0                        36.95237494018655
52.94117647058824         2.9411764705882364       38.58850556657981
55.88235294117649         2.9411764705882364       36.908194816975005
50.000000000000014        0                        40.28804543156737
50.00000000000003         2.9411764705882364       40.24104530096259
8.82352941176471          2.9411764705882373       24.675854584020136
8.823529411764707         5.882352941176471        27.576761664408654
8.823529411764708         0                        23.578896200100516
76.47058823529414         0                        25.92261901293385
79.41176470588238         0                        24.53009171860669
76.47058823529416         2.941176470588237        25.89507636041752
79.41176470588238         2.941176470588237        24.504284656885684
82.35294117647061         0                        23.181448591882532
82.35294117647062         2.941176470588237        23.157279197502874
11.76470588235294         35.29411764705883        46.32590985562
11.764705882352938        38.23529411764707        45.29089383673791
14.705882352941178        38.235294117647086       44.89390356670715
11.76470588235294         32.35294117647061        47.03820365796362
8.82352941176471          32.35294117647061        47.185121434275324
8.82352941176471          35.29411764705885        46.561281522588146
8.82352941176471          38.235294117647086       45.586047945927056
8.82352941176471          41.17647058823531        44.37906362345128
11.764705882352946        41.176470588235304       44.05009145070235
8.823529411764708         44.11764705882354        42.975595028603536
11.764705882352946        44.11764705882356        42.632527195350995
17.647058823529413        17.64705882352942        46.09338456252593
14.705882352941172        17.647058823529413       44.954341712648954
14.705882352941172        23.52941176470589        47.07431833894891
17.64705882352942         23.52941176470589        47.35740225665148
20.588235294117645        23.52941176470589        47.432494194121446
14.705882352941172        20.588235294117656       46.24376157269929
17.647058823529406        20.588235294117652       46.90542054775351
20.58823529411764         20.58823529411765        47.30976042181294
11.764705882352942        14.705882352941172       41.21037194026775
11.76470588235294         17.647058823529413       43.60032972903838
11.764705882352938        20.588235294117652       45.41288278193983
8.823529411764707         17.64705882352942        42.186488311753465
8.823529411764707         20.588235294117656       44.53642816988588
11.764705882352942        23.529411764705895       46.644080411996036
11.764705882352946        29.411764705882355       47.394387884335615
8.82352941176471          29.411764705882355       47.39745436960429
11.764705882352938        26.47058823529413        47.28212674008737
8.82352941176471          26.47058823529412        47.08158750218171
8.82352941176471          23.52941176470589        46.15432534134399
0                         29.41176470588236        47.308711210585564
2.9411764705882355        29.411764705882355       47.31909116650736
0                         32.3529411764706         47.30036012278825
2.9411764705882364        32.35294117647059        47.29594980738513
5.882352941176468         23.52941176470588        45.70191068188686
5.88235294117647          26.470588235294116       46.87502310296817
5.88235294117647          29.411764705882355       47.355120401141214
5.882352941176469         32.3529411764706         47.26525867488183
2.9411764705882364        23.529411764705895       45.37311692117056
2.9411764705882364        26.47058823529412        46.71467644600722
0                         23.52941176470589        45.25489276887973
0                         26.470588235294123       46.65170343469837
5.882352941176468         17.647058823529413       40.920568912472774
5.882352941176467         20.588235294117652       43.757331046304465
2.9411764705882355        20.588235294117652       43.21745490764689
0                         20.588235294117656       43.028158292479304
5.882352941176469         0                        16.24793719004348
5.882352941176468         2.9411764705882364       18.042063836246022
8.823529411764707         8.823529411764712        31.399868718808882
8.823529411764708         14.705882352941174       39.10237353702813
8.823529411764707         11.764705882352942       35.429464406317486
5.882352941176468         14.70588235294118        37.211574225610754
5.882352941176468         5.882352941176473        22.370000421926164
5.882352941176468         8.823529411764712        27.566719173472258
5.882352941176469         11.764705882352946       32.69787056170554
2.9411764705882355        5.882352941176471        18.04025390380442
2.9411764705882355        8.823529411764712        24.647097750184603
0                         5.882352941176472        16.249024485017863
0                         8.823529411764712        23.53011670397428
0                         11.764705882352944       29.984881055835615
2.9411764705882355        11.764705882352942       30.720766365282046
0                         17.647058823529417       39.73341494978542
2.9411764705882355        17.64705882352942        40.043652221180125
2.9411764705882364        14.70588235294118        35.8887808197445
0                         14.70588235294118        35.408235384272224
2.941176470588236         0                        8.287022252528804
2.9411764705882355        2.9411764705882373       11.64478237994403
0                         2.9411764705882373       8.299216794966869
0                         0                        0
79.41176470588238         5.882352941176471        24.42716687325039
82.3529411764706          5.88235294117647         23.08531870577837
85.29411764705888         0                        21.87052041837113
85.29411764705887         2.941176470588237        21.848477621794668
85.29411764705887         5.882352941176468        21.781990872014553
0                         41.17647058823531        44.77954873159216
2.9411764705882355        41.176470588235304       44.73801271304002
0                         44.11764705882355        43.41076007403981
2.941176470588237         44.11764705882354        43.36157384505653
0                         47.05882352941178        41.88516179170615
2.9411764705882364        47.05882352941179        41.8369909926623
0                         50.000000000000014       40.27171663193511
2.941176470588237         50                       40.22206675403079
0                         52.941176470588246       38.60351263824684
2.941176470588237         52.94117647058824        38.55735366403497
0                         55.88235294117648        36.918251691932625
2.941176470588237         55.88235294117649        36.87404950852887
0                         82.35294117647061        23.16906918486767
2.9411764705882355        82.3529411764706         23.14490133226075
0                         85.29411764705884        21.86112331758
2.941176470588235         85.29411764705885        21.838692369606605
0                         79.41176470588236        24.515855706018485
2.941176470588234         79.41176470588235        24.49013164887896
2.9411764705882364        64.70588235294123        31.9159099698482
5.882352941176469         64.70588235294117        31.805840180796743
2.941176470588235         67.6470588235294         30.334400518705507
5.882352941176467         67.64705882352939        30.232703123174865
0                         64.70588235294122        31.95297424473675
0                         67.64705882352942        30.368281004560366
0                         76.47058823529414        25.906374503622438
2.9411764705882346        76.47058823529414        25.878557798885456
2.9411764705882346        70.5882352941177         28.800440059248857
5.882352941176467         70.58823529411765        28.705611778430868
2.9411764705882346        73.5294117647059         27.315538564192288
5.882352941176468         73.52941176470587        27.22735876936748
0                         73.52941176470591        27.34459196667151
0                         70.58823529411768        28.832219924439926
14.705882352941172        41.176470588235304       43.618532967502894
14.705882352941178        44.11764705882356        42.19096855164827
17.647058823529406        38.23529411764707        44.390976137713295
17.647058823529413        41.1764705882353         43.085724559444394
17.647058823529417        44.11764705882355        41.649487679597335
23.529411764705873        20.58823529411765        47.41913953899278
23.529411764705873        23.52941176470589        47.26604927563633
23.529411764705877        26.470588235294112       46.853351242117554
32.35294117647057         17.647058823529417       46.43588237561799
35.294117647058826        17.647058823529413       45.51940798724733
29.411764705882344        17.647058823529417       47.07070839990202
26.470588235294105        17.647058823529413       47.391798569987266
26.470588235294105        23.52941176470589        46.84882100448041
26.470588235294105        26.47058823529412        46.27874356601486
26.470588235294105        20.58823529411765        47.21188924801507
29.411764705882344        20.58823529411765        46.7090263033101
32.35294117647057         20.58823529411765        45.94992587657799
35.29411764705884         20.58823529411765        44.950972325761654
23.52941176470588         29.411764705882355       46.20239444346726
26.470588235294123        29.411764705882348       45.50854114476867
29.411764705882337        23.52941176470588        46.197456655978534
29.411764705882348        26.470588235294112       45.506331651504674
29.411764705882344        29.411764705882348       44.65130046778732
32.35294117647058         23.52941176470588        45.32840219086129
35.29411764705884         23.529411764705884       44.26487529148326
32.35294117647057         26.470588235294112       44.55413065532824
35.294117647058826        26.470588235294112       43.448506587163486
32.35294117647059         29.411764705882348       43.64799754495197
35.29411764705884         29.411764705882348       42.51974799308065
32.35294117647058         32.3529411764706         42.61613361661347
35.29411764705884         32.35294117647059        41.48088647544692
79.41176470588238         8.823529411764712        24.299403436153664
82.35294117647062         8.823529411764712        22.966343716912778
76.47058823529414         5.88235294117647         25.8124925431622
76.47058823529414         8.823529411764712        25.675319350410366
70.58823529411765         5.882352941176468        28.726673509839117
73.5294117647059          5.88235294117647         27.245507039054598
70.58823529411767         8.82352941176471         28.567826327442717
73.5294117647059          8.823529411764712        27.097836668594134
52.94117647058824         5.88235294117647         38.44688942197248
55.88235294117647         5.882352941176469        36.77398294730824
52.94117647058824         8.823529411764712        38.21474028877012
55.88235294117647         8.823529411764712        36.551200651555845
70.58823529411768         11.764705882352946       28.347649697086545
73.52941176470591         11.76470588235294        26.892978577840175
76.47058823529414         11.764705882352946       25.485096224272034
79.41176470588239         11.764705882352946       24.122154648455343
82.35294117647061         11.76470588235294        22.801269556256912
79.41176470588238         14.705882352941178       23.896962980320836
82.35294117647061         14.70588235294118        22.591577472680502
76.47058823529414         14.705882352941178       25.243404229563136
70.58823529411767         14.705882352941172       28.067996901241088
73.5294117647059          14.70588235294118        26.632828266278633
38.235294117647065        20.58823529411765        43.77352238418664
38.235294117647065        23.52941176470589        43.05300840316525
38.235294117647065        17.64705882352942        44.38554349983438
38.235294117647065        14.705882352941174       44.883947812404
41.17647058823527         20.588235294117652       42.45419695989301
41.1764705882353          23.52941176470589        41.72122590405885
44.11764705882352         20.588235294117652       41.02861558985559
44.11764705882352         23.52941176470588        40.30112950616093
41.17647058823529         17.647058823529417       43.08640128446497
41.17647058823529         14.705882352941174       43.61461232951608
41.17647058823529         11.76470588235294        44.04067294398122
44.11764705882352         17.647058823529413       41.6640786554961
47.05882352941175         17.647058823529413       40.15404731997281
47.05882352941175         20.58823529411765        39.53059326300426
47.058823529411754        11.764705882352946       41.120387716630745
50                        11.76470588235294        39.526721532781885
44.11764705882352         11.764705882352942       42.639697925451934
44.117647058823536        14.705882352941174       42.20041487753411
47.058823529411754        14.705882352941174       40.684613216459134
58.82352941176472         14.705882352941172       34.23438498075032
61.76470588235295         14.705882352941178       32.638132938613055
58.82352941176472         17.647058823529413       33.79296855588794
61.764705882352956        17.647058823529417       32.22377413628461
58.82352941176471         8.82352941176471         34.891702159892844
61.76470588235295         8.82352941176471         33.25403717442079
58.82352941176471         11.76470588235294        34.6022905468656
61.76470588235295         11.76470588235294        32.98307602210084
55.88235294117647         11.76470588235294        36.24481468302883
52.94117647058824         11.76470588235294        37.893267805398914
55.88235294117647         14.705882352941172       35.85460476361904
55.88235294117647         17.647058823529417       35.38574443817491
67.64705882352942         5.882352941176469        30.256191222035323
67.6470588235294          8.82352941176471         30.0856840238871
64.7058823529412          5.882352941176469        31.833462265764698
64.70588235294123         8.823529411764708        31.650219740508923
67.6470588235294          11.76470588235294        29.84937544247275
67.6470588235294          14.705882352941172       29.548969178955822
64.7058823529412          11.76470588235294        31.396513384903315
64.70588235294122         14.705882352941178       31.074002721906073
11.764705882352946        47.05882352941178        41.10055198279012
14.70588235294118         47.05882352941176        40.66347671101883
17.647058823529417        47.05882352941178        40.13100158293715
11.76470588235294         50.00000000000003        39.49964683082002
14.705882352941174        50.00000000000001        39.07398793857039
17.64705882352942         50                       38.55818015887313
11.76470588235294         52.94117647058826        37.86317607581533
14.705882352941174        52.941176470588246       37.45380341747779
17.647058823529413        52.94117647058824        36.96078907954437
20.588235294117652        49.99999999999999        37.95755318088881
20.58823529411765         52.94117647058824        36.38766219856506
5.882352941176468         44.117647058823536       43.216808325093524
5.882352941176469         47.05882352941176        41.68988002223304
5.882352941176469         52.94117647058823        38.41741795139008
5.882352941176469         55.88235294117647        36.74054756586823
8.82352941176471          52.94117647058824        38.18523963846146
8.82352941176471          55.88235294117649        36.51969247837502
11.76470588235294         55.88235294117649        36.21337262495424
8.82352941176471          47.05882352941178        41.44390246208914
5.882352941176469         50                       40.0754154939391
8.823529411764707         50.00000000000003        39.83444183819186
5.882352941176469         58.82352941176472        35.06813729561954
8.82352941176471          58.823529411764696       34.86116862772786
2.941176470588237         58.82352941176472        35.19482425455732
0                         58.82352941176471        35.23824675041713
2.9411764705882364        61.764705882352956       33.53597974714399
5.882352941176469         61.764705882352935       33.419759349905874
0                         61.76470588235295        33.574376422050705
17.64705882352942         55.88235294117647        35.35840067058912
20.588235294117652        55.88235294117645        34.816037318016015
14.705882352941174        55.88235294117648        35.82514476097068
11.764705882352946        58.823529411764696       34.57339947171704
8.823529411764707         61.764705882352956       33.22572794837272
11.76470588235294         61.764705882352935       32.956081688833606
8.823529411764708         64.70588235294123        31.624200271769627
11.76470588235294         64.7058823529412         31.37188628588312
8.823529411764703         67.64705882352942        30.063479703115068
14.70588235294118         58.823529411764696       34.208120991111386
20.588235294117645        47.05882352941178        39.5085060719111
23.529411764705873        47.05882352941178        38.79886593530707
23.529411764705877        50                       37.27634590473215
20.58823529411764         44.11764705882354        41.01323350413141
20.58823529411765         32.3529411764706         45.95804784587571
20.58823529411765         35.294117647058826       44.961233922769175
20.588235294117652        41.17647058823531        42.45110130322868
20.58823529411765         38.23529411764707        43.77905901716885
23.529411764705877        32.35294117647059        45.32672600991732
23.529411764705873        35.29411764705883        44.26759176362561
26.470588235294112        32.35294117647058        44.55433289260598
29.411764705882348        32.3529411764706         43.646579507861205
26.470588235294105        35.29411764705883        43.45010893390929
29.411764705882344        35.29411764705884        42.5165155289264
32.35294117647059         35.294117647058826       41.478477404278365
11.764705882352937        67.6470588235294         29.82828790451303
8.823529411764703         70.58823529411768        28.548267933007835
5.882352941176468         82.35294117647061        23.07294310174951
5.882352941176468         85.29411764705881        21.77151015209888
11.764705882352938        70.58823529411765        28.32928824583498
8.823529411764703         82.3529411764706         22.953989732228674
8.823529411764708         85.29411764705885        21.660255679255407
5.882352941176468         88.23529411764704        20.500317042071003
8.823529411764707         88.23529411764704        20.39593443640087
11.764705882352938        85.29411764705884        21.505904470255125
11.764705882352938        88.23529411764704        20.250803462804438
11.764705882352937        82.3529411764706         22.788963075565004
5.882352941176468         76.47058823529414        25.795979637545297
5.882352941176468         79.41176470588235        24.41307495532061
8.823529411764707         73.52941176470588        27.080242007570806
11.764705882352938        73.5294117647059         26.87619134051783
8.823529411764701         76.47058823529414        25.659527936773596
11.764705882352938        76.47058823529414        25.469877201939397
8.823529411764703         79.41176470588235        24.285560772194803
11.764705882352937        79.41176470588238        24.108826563511823
17.647058823529413        58.823529411764696       33.768549097913564
20.58823529411765         58.823529411764696       33.25813493957899
23.529411764705877        52.94117647058824        35.73984249919412
23.529411764705877        55.88235294117647        34.203870995498804
23.529411764705877        58.823529411764696       32.68209299972882
20.588235294117652        61.76470588235293        31.721769646313646
23.529411764705877        61.764705882352935       31.182236472519456
17.647058823529413        61.764705882352935       32.2003991057866
14.705882352941174        61.764705882352956       32.6133170175559
14.705882352941174        64.70588235294123        31.051096916325392
17.647058823529413        64.7058823529412         30.665584116526475
20.58823529411765         64.70588235294123        30.21848361141696
14.705882352941169        67.64705882352943        29.529661472987648
14.705882352941169        70.58823529411768        28.050823112670926
23.529411764705873        5.88235294117647         45.66236106772501
20.588235294117645        5.882352941176469        43.70224709120862
26.470588235294105        2.941176470588237        46.67809486962612
26.470588235294112        0                        46.62036816758066
17.647058823529413        0                        39.69726791603072
17.647058823529413        2.941176470588237        40.01642966756407
20.58823529411765         0                        42.9423295030751
20.588235294117645        2.941176470588237        43.14221438361426
23.52941176470588         0                        45.20655541978179
23.529411764705873        2.941176470588237        45.329223061993666
58.82352941176471         5.882352941176469        35.100476450430776
61.76470588235295         5.88235294117647         33.44934318705235
58.82352941176472         0                        35.268064856567456
58.82352941176471         2.9411764705882364       35.22634751072713
73.5294117647059          2.9411764705882364       27.33433751865545
73.52941176470591         0                        27.363914325733894
70.58823529411767         2.9411764705882364       28.82273857971367
61.76470588235296         2.9411764705882364       33.567652470729776
64.70588235294123         2.941176470588237        31.944441048821034
67.6470588235294          2.9411764705882364       30.35911927006455
61.76470588235295         0                        33.60749328041108
64.70588235294122         0                        31.981746840097784
67.64705882352942         0                        30.393562659757553
70.58823529411768         0                        28.85494838475494
44.11764705882352         0                        43.404826569627716
44.117647058823536        2.9411764705882364       43.357857866175976
47.05882352941176         0                        41.89140631190078
47.05882352941175         2.9411764705882364       41.84434846145783
91.17647058823533         0                        19.340176564623203
94.11764705882356         0                        18.096446952099292
91.17647058823535         2.941176470588237        19.320329412108077
94.11764705882356         2.941176470588237        18.075133882319367
91.17647058823533         5.882352941176469        19.260461392510237
94.11764705882358         5.882352941176469        18.01519278097117
50                        14.705882352941172       39.10040505589108
50                        17.647058823529413       38.58540033232373
52.94117647058824         14.705882352941172       37.48310546002151
52.94117647058824         17.647058823529417       36.990000574541384
52.94117647058824         20.58823529411765        36.41481181812801
55.88235294117647         20.58823529411765        34.840675726581665
50                        20.58823529411765        37.98353010933645
52.94117647058824         23.529411764705884       35.76522016741435
55.88235294117647         23.529411764705884       34.22644932174018
50.00000000000003         23.529411764705884       37.301136573968925
47.05882352941175         23.52941176470588        38.821744990608025
52.94117647058824         26.470588235294105       35.04376729539318
55.88235294117647         26.470588235294105       33.545692319643244
58.82352941176471         23.52941176470589        32.701577512742354
58.82352941176471         26.470588235294105       32.06245928276088
58.82352941176471         20.58823529411765        33.27972520357782
61.76470588235295         20.588235294117645       31.74298451427824
88.23529411764709         0                        20.59405630793959
88.2352941176471          2.941176470588237        20.57276063031944
88.23529411764707         5.882352941176468        20.509727661826158
73.52941176470591         17.647058823529417       26.319857216448955
76.47058823529414         17.647058823529417       24.952260742403574
85.29411764705887         17.647058823529417       21.08522992897791
88.23529411764709         17.647058823529417       19.85438106679248
85.29411764705887         20.588235294117645       20.81017443638678
88.23529411764707         20.58823529411765        19.595488697647927
79.41176470588238         17.647058823529413       23.62612832314476
82.35294117647061         17.647058823529417       22.33910863915376
76.47058823529412         20.588235294117652       24.61442170760007
79.41176470588238         20.588235294117645       23.31173172449147
76.47058823529416         23.52941176470589        24.23305642001883
79.41176470588238         23.52941176470589        22.956191963205008
82.3529411764706          20.588235294117645       22.045583587506382
5.882352941176468         35.29411764705885        46.71259594512243
0                         35.29411764705884        46.826195611321445
2.941176470588237         35.29411764705885        46.79801665677363
0                         38.23529411764708        45.95623153391928
2.9411764705882355        38.235294117647086       45.914281891972344
5.882352941176468         38.23529411764707        45.79147213245682
5.882352941176469         41.176470588235304       44.60699197512619
5.882352941176468         91.17647058823532        19.250824454902904
8.823529411764707         91.17647058823533        19.151308462975933
11.764705882352938        91.17647058823532        19.01230131124852
14.705882352941178        88.23529411764707        20.066186076541953
14.705882352941174        91.17647058823535        18.835358268244995
8.823529411764708         94.11764705882352        17.91008293043814
11.76470588235294         94.11764705882352        17.772532427173758
2.9411764705882364        88.23529411764707        20.563220368151754
0                         88.23529411764704        20.584186503663215
5.882352941176469         94.11764705882352        18.00814689262593
2.9411764705882364        91.17647058823533        19.310498234660777
2.9411764705882364        94.11764705882352        18.067575471317447
0                         91.17647058823532        19.330435720669563
0                         94.11764705882354        18.087895779426564
85.29411764705887         14.705882352941178       21.321634643763648
88.23529411764707         14.705882352941178       20.0768048206082
85.29411764705887         8.823529411764712        21.671147744777816
85.29411764705887         11.76470588235294        21.517376873043208
88.23529411764709         11.764705882352942       20.2611369777479
91.17647058823532         11.764705882352946       19.02209879596876
91.17647058823532         14.705882352941178       18.845438605420195
88.23529411764709         8.823529411764712        20.405658639785894
91.17647058823533         8.823529411764712        19.160640052978817
91.17647058823532         17.647058823529417       18.632573200212065
91.17647058823533         20.58823529411765        18.38485566319465
94.11764705882356         8.823529411764712        17.917588499581573
14.705882352941169        94.11764705882352        17.59666681573958
0                         97.05882352941178        16.811831803262812
2.9411764705882364        97.05882352941177        16.79581072365543
23.529411764705873        38.23529411764707        43.050504821003116
23.529411764705873        44.11764705882354        40.2838257629424
23.529411764705877        41.176470588235304       41.71283743288887
38.235294117647065        26.470588235294112       42.21793901554527
38.235294117647065        29.41176470588236        41.283850570963395
50                        26.470588235294105       36.541450794345494
38.23529411764706         32.3529411764706         40.253538260734715
26.470588235294116        38.23529411764707        42.21298286399802
29.411764705882355        38.23529411764707        41.275915407994354
32.35294117647059         38.235294117647065       40.247706461690946
26.470588235294105        41.1764705882353         40.878030886348796
26.470588235294105        44.11764705882354        39.46667475832786
26.47058823529412         47.05882352941178        38.00882431619914
29.411764705882355        41.176470588235304       39.95493564715416
29.411764705882348        44.117647058823536       38.5695014683276
32.35294117647058         41.1764705882353         38.951322921081214
35.29411764705884         35.29411764705885        40.35094345591936
38.235294117647065        35.29411764705884        39.14547838852021
35.29411764705883         38.23529411764707        39.14260028192546
35.29411764705884         41.1764705882353         37.880064184822785
47.058823529411754        26.470588235294123       38.0279717126971
44.11764705882352         26.470588235294112       39.48189260332862
41.176470588235276        26.470588235294112       40.88692134548583
41.17647058823529         29.411764705882348       39.96419873752988
44.117647058823536        29.411764705882348       38.584021493261595
41.1764705882353          32.3529411764706         38.95734334859824
47.058823529411754        29.41176470588236        37.163167850081216
50                        29.411764705882348       35.716286824714395
52.94117647058824         29.411764705882348       34.26090260693704
47.058823529411754        32.3529411764706         36.23081691091672
50.00000000000003         32.35294117647059        34.829067092902314
44.117647058823536        32.35294117647059        37.61139085569628
41.1764705882353          35.29411764705883        37.883402375584474
47.05882352941175         35.29411764705885        35.243670674475304
50                        35.29411764705885        33.8917292622324
44.11764705882354         35.29411764705883        36.57842500942738
32.35294117647059         44.11764705882354        37.600828036489816
14.705882352941169        73.5294117647059         26.617134347554227
14.705882352941169        76.47058823529414        25.228824739004942
17.647058823529406        67.64705882352939        29.17004988555705
17.647058823529406        70.58823529411767        27.715706190616565
17.647058823529406        73.52941176470587        26.30531826453722
20.588235294117638        67.6470588235294         28.752714799826165
20.588235294117645        70.58823529411768        27.32720086918746
20.588235294117645        73.52941176470588        25.94350678496626
17.647058823529413        88.23529411764703        19.843736017041188
17.647058823529413        91.17647058823533        18.622081704065003
20.588235294117645        88.23529411764704        19.58501753442623
20.588235294117645        91.17647058823533        18.374523817235993
23.529411764705873        88.23529411764704        19.29216330152394
23.529411764705873        91.17647058823529        18.094685534658158
14.705882352941174        85.29411764705884        21.309775156195
14.705882352941172        82.35294117647062        22.57928678209354
14.705882352941174        79.41176470588238        23.884135401357636
17.647058823529406        76.47058823529414        24.938519866868873
20.588235294117645        76.47058823529414        24.601456172823184
17.647058823529402        79.41176470588235        23.613399308048542
20.588235294117645        79.41176470588236        23.29915315324876
17.647058823529413        85.29411764705884        21.073615445309176
17.647058823529402        82.3529411764706         22.326750410883882
20.588235294117645        82.3529411764706         22.033586508892853
23.529411764705873        79.41176470588235        22.944051090692305
23.529411764705877        82.35294117647061        21.702011077347063
20.58823529411765         85.29411764705884        20.799118856050196
23.529411764705873        85.29411764705881        20.48838307076595
52.941176470588246        32.35294117647059        33.4208394209096
52.94117647058823         35.29411764705883        32.5351928785358
26.470588235294112        50                       36.521089386501146
29.41176470588236         47.05882352941176        37.14609546241698
29.411764705882348        49.99999999999997        35.69861091839806
26.470588235294112        52.94117647058824        35.02339979302862
26.47058823529412         55.88235294117647        33.52712767837243
29.411764705882348        52.94117647058824        34.24407272455693
29.411764705882348        55.88235294117647        32.79170125967111
26.470588235294123        58.823529411764696       32.04558409074137
29.41176470588236         58.82352941176469        31.354721205552856
32.35294117647059         52.94117647058824        33.40903020306283
32.35294117647059         55.88235294117647        32.00497628777543
35.294117647058826        44.11764705882354        36.57060608637733
32.35294117647059         50                       34.81621212461692
32.35294117647059         47.05882352941176        36.21853219552152
94.11764705882358         11.76470588235294        17.780652972780906
94.11764705882358         14.705882352941178       17.60532937001178
94.11764705882356         17.647058823529417       17.393737454220314
94.11764705882356         20.58823529411765        17.148003917230596
91.17647058823535         23.52941176470589        18.10447029214741
94.11764705882356         23.52941176470589        16.87031561314903
91.17647058823533         26.470588235294112       17.792849598057735
94.11764705882356         26.470588235294112       16.561312934908738
82.35294117647064         23.52941176470589        21.71349636308751
85.29411764705887         23.52941176470589        20.499091246896263
88.2352941176471          23.52941176470589        19.302472113138393
88.23529411764709         26.470588235294112       18.9770532155278
79.41176470588238         26.470588235294105       22.56211997351073
82.35294117647062         26.470588235294105       21.34525179520971
85.29411764705887         26.470588235294112       20.15402388233837
79.41176470588238         29.411764705882355       22.133151899124904
82.35294117647062         29.411764705882355       20.944170631633458
85.29411764705887         29.411764705882355       19.777998147779716
88.23529411764711         29.411764705882355       18.62214352764668
91.17647058823532         29.41176470588236        17.453095053104985
94.11764705882358         29.411764705882355       16.22545234085269
82.35294117647061         32.3529411764706         20.512831351295453
85.29411764705887         32.3529411764706         19.373241516785324
61.764705882352956        23.52941176470588        31.20168933313588
61.76470588235295         26.470588235294105       30.60297219134282
73.52941176470591         20.588235294117645       25.9570077173411
73.5294117647059          23.529411764705884       25.547755342659578
70.58823529411767         17.647058823529413       27.73188712025744
64.7058823529412          17.647058823529417       30.68681786864489
67.6470588235294          17.647058823529417       29.18793916780949
64.70588235294122         20.588235294117645       30.23753629430464
64.70588235294123         23.529411764705884       29.73167092037559
64.7058823529412          26.470588235294105       29.172480825460013
61.76470588235296         29.411764705882348       29.953562847205806
64.70588235294123         29.411764705882348       28.566331265476904
70.58823529411767         20.58823529411765        27.34218432902114
67.64705882352942         20.58823529411765        28.769192429304123
67.64705882352943         23.52941176470589        28.29745275636118
67.6470588235294          26.470588235294105       27.776069127055898
70.58823529411765         23.52941176470588        26.902677529839075
32.35294117647057         58.82352941176471        30.61590419504453
29.411764705882348        61.764705882352935       29.939619169961635
32.35294117647058         61.76470588235293        29.24764439779078
26.470588235294112        61.764705882352935       30.586340677106865
23.529411764705877        64.70588235294123        29.71390266653826
23.529411764705866        67.64705882352939        28.28224727095976
26.470588235294112        64.7058823529412         29.157139864174955
29.411764705882348        64.70588235294117        28.552818373837557
26.470588235294098        67.64705882352939        27.762455441975536
29.411764705882348        67.64705882352942        27.19754449747316
97.05882352941177         5.882352941176469        16.74837830238327
97.05882352941181         8.823529411764712        16.644996462746562
97.0588235294118          0                        16.82336614901962
97.05882352941181         2.941176470588237        16.806480901651387
79.4117647058824          32.3529411764706         21.672204833417634
67.64705882352942         29.411764705882348       27.210245993087128
76.47058823529417         26.47058823529412        23.810792367431795
70.58823529411768         26.470588235294105       26.416704899544396
73.52941176470591         26.47058823529412        25.095007661257384
70.58823529411767         29.411764705882348       25.888909440342847
76.47058823529416         29.411764705882355       23.351423240799665
73.52941176470591         29.41176470588236        24.60285566784036
76.47058823529416         32.3529411764706         22.858131843406188
58.82352941176471         29.411764705882348       31.36968095474152
55.88235294117649         29.411764705882348       32.80771989593155
55.88235294117647         32.3529411764706         32.0174428842323
55.882352941176485        35.29411764705883        31.184319249191184
5.882352941176469         97.05882352941177        16.74181948764599
8.823529411764712         97.05882352941181        16.64109639267004
11.76470588235294         97.05882352941175        16.493502461449637
17.647058823529413        94.11764705882352        17.38434377125354
14.705882352941174        97.05882352941181        16.303969365849213
20.588235294117645        94.11764705882352        17.138087502339786
23.529411764705877        94.11764705882351        16.860581472107754
26.470588235294105        91.17647058823532        17.784093534545583
26.470588235294112        94.11764705882352        16.553812963753096
0                         100                      15.34370486235771
2.941176470588236         100.00000000000001       15.32002978280094
29.411764705882348        91.17647058823533        17.444453741352056
29.411764705882348        94.11764705882351        16.217762601487944
38.235294117647065        38.23529411764707        37.97122697364639
38.23529411764706         41.176470588235304       36.75084285884274
38.235294117647065        44.11764705882354        35.48979836598021
41.17647058823529         38.23529411764707        36.751681929724285
44.11764705882352         38.23529411764708        35.49393120064684
41.176470588235304        41.17647058823531        35.57832815739132
47.058823529411754        38.23529411764707        34.21008766102389
44.117647058823536        41.1764705882353         34.37122585535046
47.05882352941176         41.1764705882353         33.14125139516284
50.00000000000003         38.23529411764708        32.911698640165945
50.00000000000002         41.1764705882353         31.898960430341653
52.941176470588275        38.23529411764708        31.609800178366164
55.88235294117649         38.23529411764708        30.313512497390146
52.94117647058823         41.1764705882353         30.65345807291053
41.1764705882353          44.11764705882355        34.36875836080007
44.117647058823536        44.11764705882355        33.21648769507585
35.29411764705883         47.05882352941177        35.23502219734518
35.294117647058826        50                       33.88233581978202
35.29411764705884         52.94117647058824        32.52646754578097
35.29411764705884         55.88235294117647        31.174051834547797
38.235294117647065        47.05882352941176        34.20564056695451
38.235294117647065        50                       32.90572111275501
38.235294117647065        52.941176470588225       31.60376706113812
41.17647058823529         47.05882352941176        33.13815765362868
55.882352941176485        41.1764705882353         29.41297521397273
47.058823529411754        44.11764705882355        32.04420951378058
52.94117647058824         44.11764705882355        29.672969816199966
55.88235294117649         44.11764705882354        28.488889153608746
50                        44.11764705882354        30.86055480043126
26.470588235294105        79.41176470588232        22.550930268584846
26.470588235294105        82.35294117647061        21.334743680848838
23.529411764705866        70.58823529411768        26.888702551905414
23.529411764705873        76.47058823529416        24.22061623674393
23.529411764705866        73.52941176470591        25.534854400048197
26.470588235294112        76.47058823529414        23.799109108200156
26.470588235294112        73.52941176470591        25.082714782089585
26.470588235294112        70.58823529411767        26.403879354350174
29.411764705882337        70.58823529411767        25.876787361975104
26.470588235294105        88.23529411764704        18.967726669249064
26.470588235294112        85.29411764705884        20.14413933146259
29.411764705882348        88.23529411764704        18.613473115756385
29.41176470588233         82.35294117647058        20.934571317578552
29.411764705882348        85.2941176470588         19.768836668990296
29.411764705882337        73.52941176470591        24.59105350868251
29.411764705882348        76.47058823529413        23.340541481818455
29.411764705882337        79.41176470588235        22.122926526454943
67.6470588235294          32.3529411764706         26.60425674140949
70.58823529411767         32.3529411764706         25.323280559709445
73.52941176470591         32.3529411764706         24.074833792111868
70.58823529411768         35.29411764705883        24.724422839371336
73.52941176470593         35.29411764705885        23.515117884363942
67.64705882352942         35.29411764705883        25.96358309921763
64.7058823529412          32.3529411764706         27.917465379696726
61.76470588235296         32.3529411764706         29.259195539140276
58.823529411764746        32.3529411764706         30.628192074880577
58.82352941176473         35.29411764705885        29.845986048061782
64.70588235294122         35.29411764705883        27.231927579070575
61.764705882352956        35.29411764705883        28.52668289593808
61.76470588235296         38.23529411764708        27.760435268878947
64.70588235294123         38.23529411764707        26.513966570211327
58.823529411764746        38.23529411764708        29.028408047191697
61.76470588235296         41.176470588235304       26.966230276431233
64.70588235294122         41.1764705882353         25.769483197548894
58.823529411764724        41.1764705882353         28.182014730729435
58.82352941176472         44.11764705882354        27.312643494990358
61.76470588235296         44.11764705882355        26.149677586044284
64.70588235294123         44.11764705882354        25.00334687381488
76.47058823529416         35.29411764705885        22.335154477614054
82.35294117647062         35.29411764705885        20.05476201521637
85.29411764705887         35.29411764705885        18.94299652969379
79.41176470588238         35.29411764705885        21.183159676903305
67.64705882352942         38.23529411764708        25.29190280810808
73.52941176470594         38.23529411764707        22.927661141430118
76.47058823529416         38.23529411764708        21.78584320644279
70.5882352941177          38.23529411764708        24.09624006551611
67.64705882352939         41.1764705882353         24.594933483886912
38.235294117647065        55.88235294117647        30.305160684414474
35.29411764705884         58.82352941176469        29.835378119242282
38.23529411764707         58.82352941176469        29.018941844615107
35.294117647058826        61.764705882352935       28.516135972113727
35.29411764705883         64.7058823529412         27.220999498622277
38.235294117647065        64.7058823529412         26.504211279695475
35.29411764705881         67.64705882352942        25.952606800950353
38.23529411764705         67.64705882352942        25.282209128321938
32.35294117647057         64.7058823529412         27.9057006731772
32.35294117647056         67.6470588235294         26.592706454356126
32.35294117647056         70.58823529411767        25.312045109149558
35.29411764705881         70.58823529411767        24.71395925513169
38.23529411764704         70.58823529411765        24.087273498276193
32.35294117647056         73.52941176470588        24.064019516259453
35.294117647058826        73.5294117647059         23.50551362453402
97.05882352941177         11.764705882352942       16.499512776571823
97.0588235294118          14.705882352941178       16.31166726101658
97.05882352941175         17.647058823529417       16.08576139274335
97.05882352941175         20.58823529411765        15.824678103807557
97.05882352941181         23.52941176470589        15.53084894148569
97.05882352941177         26.470588235294112       15.203910090449556
97.0588235294118          29.411764705882355       14.846574353076248
41.176470588235276        61.764705882352935       26.95791245277145
44.117647058823536        61.764705882352935       26.142583662512905
41.17647058823528         64.7058823529412         25.76119506421458
44.117647058823536        64.70588235294123        24.99652222488759
94.1176470588236          32.3529411764706         15.86408614754029
97.05882352941181         32.3529411764706         14.466314425273879
91.17647058823535         32.3529411764706         17.087499317202948
88.2352941176471          32.3529411764706         18.23995770187934
88.2352941176471          35.29411764705885        17.833638627834926
91.17647058823535         35.29411764705885        16.698746397407554
94.1176470588236          35.29411764705885        15.480194848582679
79.4117647058824          38.23529411764708        20.668899664463993
82.35294117647062         38.23529411764708        19.572666290326563
85.29411764705887         38.23529411764708        18.489739348597524
76.47058823529416         41.176470588235304       21.214114783610917
79.41176470588238         41.176470588235304       20.13314398768345
88.2352941176471          38.23529411764708        17.40511740565919
91.17647058823535         38.23529411764708        16.287986736845017
94.11764705882358         38.23529411764708        15.076204755313638
82.35294117647061         41.176470588235304       19.070042758553495
85.29411764705887         41.176470588235304       18.01692208481045
88.2352941176471          41.176470588235304       16.957939817682572
76.47058823529414         44.11764705882354        20.623548459003096
79.41176470588238         44.11764705882354        19.57920785578656
82.35294117647062         44.117647058823536       18.549768448821887
97.05882352941181         35.29411764705885        14.06534651271676
99.99999999999999         5.882352941176469        15.261280905175472
100                       8.823529411764712        15.152120731602512
100                       0                        15.363016758945754
100.00000000000001        2.9411764705882364       15.335281599030129
5.882352941176469         99.99999999999999        15.250248018476082
8.823529411764708         100.00000000000001       15.140603873978838
11.764705882352942        100                      14.995629991931736
17.647058823529413        97.05882352941177        16.077188202464935
97.05882352941181         38.23529411764708        13.637491395035129
14.705882352941174        100                      14.805451529384369
20.58823529411765         97.05882352941177        15.814591647717073
23.529411764705877        97.05882352941177        15.520085152525075
26.470588235294112        97.05882352941177        15.196044154876088
29.411764705882348        97.05882352941175        14.84085799286994
32.35294117647056         76.47058823529413        22.848496087283234
32.35294117647057         79.41176470588235        21.66333365219933
32.35294117647057         82.35294117647058        20.504630638972095
32.35294117647057         85.29411764705884        19.365266890983598
32.35294117647058         88.23529411764703        18.232173469863532
32.35294117647058         91.17647058823533        17.079262436236025
35.294117647058826        88.23529411764703        17.826618628266083
35.294117647058826        91.17647058823533        16.691025026683825
32.35294117647057         94.11764705882351        15.855848456559189
35.29411764705883         94.11764705882351        15.472252576409133
38.23529411764705         91.17647058823532        16.282291497175294
38.235294117647065        94.11764705882351        15.069983956368443
41.17647058823528         91.17647058823533        15.85514245080223
41.17647058823529         94.11764705882352        14.649887030079825
35.29411764705883         82.3529411764706         20.047583163677377
35.294117647058826        85.29411764705885        18.93592820638715
38.235294117647065        88.23529411764704        17.399554364864514
41.17647058823529         88.23529411764707        16.953359101397808
38.235294117647065        85.29411764705884        18.4838872873128
41.17647058823528         85.29411764705881        18.011874976882687
70.58823529411765         41.1764705882353         23.443680225824266
73.5294117647059          41.1764705882353         22.316952277179126
67.64705882352943         44.11764705882354        23.876854322552514
70.58823529411768         44.11764705882354        22.770977431721022
73.52941176470591         44.11764705882355        21.686843327400993
70.58823529411768         47.05882352941178        22.082286100519852
73.52941176470591         47.05882352941178        21.04078417126197
61.76470588235296         47.05882352941176        25.316432077352044
64.70588235294123         47.05882352941178        24.22093882098761
67.64705882352942         47.05882352941176        23.142654457746534
64.70588235294123         49.99999999999999        23.4258714167744
67.64705882352942         49.99999999999999        22.395694098063892
44.11764705882352         47.05882352941176        32.04285388994146
47.05882352941175         47.05882352941176        30.929332852992527
41.1764705882353          50                       31.89445015756411
44.117647058823536        50                       30.857135470411563
41.17647058823529         58.82352941176469        28.173895614423856
44.117647058823536        58.823529411764675       27.305959764443642
41.1764705882353          55.88235294117647        29.4057627708798
44.11764705882354         55.88235294117647        28.483106631162848
41.1764705882353          52.94117647058824        30.64854427857528
44.117647058823536        52.941176470588225       29.66891629712096
47.058823529411754        50                       29.8022391048355
47.058823529411754        52.94117647058824        28.67185562361292
58.82352941176472         47.05882352941176        26.425860007655835
55.88235294117649         47.05882352941176        27.546625552524258
52.94117647058826         47.05882352941178        28.67398257225372
50                        47.05882352941178        29.803766288218178
50.00000000000003         50.00000000000001        28.7352238115435
50.00000000000003         52.941176470588246       27.66260596824761
47.058823529411754        55.88235294117647        27.542406407666345
50.00000000000003         55.882352941176464       26.589951413965817
47.05882352941176         58.82352941176469        26.4204987548534
38.23529411764705         73.52941176470588        22.919592695735307
35.294117647058826        76.47058823529414        22.326621521840643
35.294117647058826        79.41176470588238        21.17539902019655
38.23529411764704         76.47058823529414        21.778519651147647
38.23529411764704         79.41176470588236        20.66234213794324
38.23529411764705         82.3529411764706         19.566519187808115
41.17647058823528         67.64705882352939        24.586597498705164
44.117647058823515        67.64705882352942        23.870139485609602
41.176470588235276        70.58823529411767        23.436317709788582
41.17647058823529         73.52941176470588        22.310159296932277
44.117647058823515        70.58823529411765        22.76499111948174
38.235294117647065        61.76470588235292        27.75063406807935
44.11764705882352         73.52941176470588        21.68106123310742
47.05882352941173         67.64705882352942        23.137185579638444
47.05882352941173         70.58823529411765        22.077312558551508
100                       11.764705882352942       15.004544572652797
100                       14.705882352941178       14.816279695004816
100                       17.647058823529417       14.591547906384445
99.99999999999999         20.58823529411765        14.327486447821922
100.00000000000003        23.52941176470589        14.026290566782531
99.99999999999999         26.470588235294116       13.691527486627908
100.00000000000003        29.41176470588236        13.333788428345354
100                       32.3529411764706         12.952850975544834
52.941176470588246        49.99999999999999        27.663761557953187
55.88235294117649         49.99999999999999        26.593095979771725
61.76470588235296         50.00000000000001        24.470751472582187
58.823529411764746        49.99999999999999        25.52735335923494
52.941176470588275        52.941176470588246       26.648134500239777
52.941176470588246        55.882352941176464       25.631351885694432
50.000000000000036        58.82352941176469        25.52350825603299
52.94117647058824         58.82352941176469        24.619373475299675
47.058823529411754        61.764705882352935       25.310457166003218
47.058823529411754        64.7058823529412         24.21549146544414
50.00000000000001         61.76470588235295        24.46644574603925
52.94117647058824         61.76470588235295        23.61439719967853
50                        64.7058823529412         23.422013035112627
76.47058823529416         47.05882352941178        20.01743934194854
91.17647058823535         41.176470588235304       15.859656684656578
94.11764705882356         41.176470588235304       14.655127123619424
97.05882352941181         41.176470588235304       13.19754880043417
85.29411764705887         44.11764705882355        17.526888678402404
88.2352941176471          44.11764705882354        16.493976038779493
91.17647058823535         44.11764705882354        15.415046416716985
94.11764705882356         44.11764705882354        14.21568913359726
79.4117647058824          47.05882352941178        19.010088706513578
82.35294117647061         47.05882352941178        18.01469283014885
85.29411764705887         47.05882352941178        17.022674253008173
88.23529411764709         47.05882352941177        16.016620182458244
91.17647058823533         47.05882352941178        14.957638539417982
94.11764705882356         47.05882352941176        13.765114822702039
100                       35.29411764705884        12.548168338593445
97.0588235294118          44.11764705882354        12.742820222415578
44.117647058823536        85.29411764705881        17.522611347603455
44.11764705882352         88.23529411764707        16.49031246510475
44.11764705882352         91.17647058823532        15.411693611961683
44.11764705882352         94.11764705882351        14.213087257015186
17.647058823529413        100                      14.574105165076409
76.47058823529414         50.00000000000001        19.3990697441271
79.41176470588238         50.00000000000001        18.42885226966885
70.5882352941177          49.99999999999999        21.380904490180484
73.52941176470591         50.00000000000001        20.382259868769292
97.05882352941175         47.05882352941177        12.273548686357564
94.11764705882358         50.00000000000001        13.305811639144595
97.05882352941181         50.00000000000001        11.797005725575431
100                       38.23529411764708        12.123434713832541
100.00000000000001        41.176470588235304       11.68480692314909
64.7058823529412          52.941176470588246       22.622743595029355
67.64705882352943         52.941176470588246       21.640355733468986
70.5882352941177          52.941176470588225       20.670895606315042
20.58823529411765         100                      14.310366517327068
23.52941176470588         100                      14.014336984814616
26.470588235294112        100                      13.690482201579368
38.235294117647065        97.05882352941177        13.633164560398964
41.17647058823529         97.05882352941175        13.197506539022724
32.3529411764706          97.05882352941175        14.457095473064033
35.29411764705883         97.05882352941175        14.052542753014192
29.411764705882348        99.99999999999999        13.33292729779309
41.1764705882353          82.35294117647061        19.064640889524473
44.117647058823536        82.3529411764706         18.545123370541628
41.176470588235276        76.47058823529414        21.20794597662952
44.117647058823515        76.47058823529414        20.61836069734336
41.17647058823528         79.41176470588236        20.12754470361364
44.11764705882352         79.41176470588235        19.5743881025091
55.88235294117649         52.941176470588246       25.633067623713796
58.823529411764746        52.941176470588246       24.621312748231787
61.76470588235296         52.941176470588225       23.617030532847746
61.76470588235296         55.882352941176464       22.760150899022715
64.7058823529412          55.882352941176464       21.815123158852614
55.882352941176485        55.882352941176464       24.670973159671945
55.88235294117649         58.82352941176469        23.71227960752615
58.82352941176472         55.882352941176464       23.712878367549777
49.99999999999997         67.6470588235294         22.39160355953227
49.99999999999997         70.58823529411768        21.377099359822903
47.05882352941175         91.17647058823533        14.955184347983469
47.058823529411754        94.11764705882351        13.763709417037488
47.05882352941175         88.23529411764704        16.013489545729545
47.05882352941176         85.29411764705881        17.019012261329692
47.058823529411754        82.3529411764706         18.010806314477474
50                        91.17647058823532        14.487725451796106
50                        94.11764705882351        13.305679926260257
47.05882352941173         73.52941176470588        21.036049332005504
47.05882352941173         76.47058823529413        20.01314255993043
47.05882352941173         79.41176470588236        19.006071963707875
49.99999999999997         73.52941176470588        20.37855913001789
49.99999999999997         76.47058823529413        19.39553718085297
50                        88.23529411764704        15.525238391655211
52.94117647058824         64.70588235294122        22.619830006400612
52.941176470588246        67.64705882352939        21.63714859057786
55.88235294117647         61.76470588235295        22.758548556577956
55.88235294117647         64.7058823529412         21.813194478746947
58.82352941176472         58.82352941176469        22.80578460686756
61.76470588235295         58.82352941176469        21.902771391854586
67.64705882352942         55.882352941176464       20.879563851298204
73.52941176470591         52.941176470588246       19.71488168091919
76.47058823529414         52.941176470588246       18.771538042525712
79.41176470588238         52.941176470588246       17.838523923361382
64.7058823529412          58.82352941176469        21.005909697454246
67.64705882352942         58.82352941176469        20.11662356788049
91.17647058823535         50.00000000000001        14.48979296964789
88.23529411764709         50.00000000000001        15.52800099862914
82.35294117647062         50.00000000000001        17.467737316542525
85.29411764705887         50.00000000000001        16.506864465086238
82.35294117647062         52.941176470588246       16.91178179798083
94.1176470588236          52.941176470588246       12.839921284720162
97.05882352941181         52.941176470588246       11.315894278024714
94.1176470588236          55.882352941176485       12.36836652355522
97.05882352941181         55.882352941176485       10.831429585713398
91.17647058823535         52.941176470588246       14.01443224466807
88.2352941176471          52.941176470588246       15.030965428666011
85.29411764705891         52.94117647058826        15.982297455009999
82.35294117647062         55.882352941176485       16.348993267528854
85.29411764705887         55.882352941176485       15.450828568389095
91.17647058823536         55.882352941176485       13.53203036945425
88.2352941176471          55.882352941176485       14.527126914554342
94.11764705882358         58.823529411764696       11.895169021047572
97.05882352941181         58.823529411764696       10.34618639242488
91.17647058823536         58.823529411764696       13.046344672629978
88.23529411764709         58.823529411764696       14.019471356179176
85.29411764705887         58.823529411764696       14.915227185092808
82.35294117647062         58.823529411764696       15.78197136997488
100                       44.11764705882354        11.224859568705472
44.11764705882352         97.05882352941175        12.746479807487539
47.05882352941175         97.05882352941175        12.275010120936587
50                        97.05882352941177        11.796999071896852
79.41176470588238         55.882352941176485       17.241493185025703
76.47058823529414         55.882352941176485       18.137353136546032
70.58823529411768         55.88235294117647        19.954891456677117
73.52941176470591         55.882352941176485       19.041146281011297
100.00000000000001        47.05882352941177        10.759869118237614
100.00000000000001        50.00000000000001        10.288830475545236
38.235294117647065        99.99999999999999        12.115616373925786
41.1764705882353          100                      11.68447096267197
32.35294117647058         100                      12.941863407235093
35.29411764705883         100                      12.531508454712394
52.941176470588246        94.11764705882351        12.839953352339009
52.941176470588246        97.05882352941177        11.316927679847357
52.94117647058824         91.17647058823533        14.012357111653927
55.882352941176485        94.11764705882352        12.369107297579644
55.882352941176485        97.05882352941177        10.831047964535841
58.82352941176471         61.76470588235295        21.902043014169877
61.76470588235295         61.76470588235295        21.047751936435745
64.7058823529412          61.76470588235295        20.19767387996189
58.82352941176472         64.7058823529412         21.004777319915405
61.76470588235298         64.7058823529412         20.1972675714634
64.7058823529412          64.7058823529412         19.392538213510356
52.941176470588246        70.58823529411765        20.66785758506666
52.941176470588246        73.52941176470588        19.711868542495786
55.88235294117645         67.64705882352939        20.877539191544166
55.88235294117645         70.58823529411768        19.95280192524497
58.823529411764696        67.64705882352939        20.115177593591692
58.82352941176472         70.58823529411768        19.23427417604955
50.00000000000001         79.41176470588235        18.425587815428255
50.00000000000001         85.29411764705881        16.5038024284039
49.99999999999999         82.35294117647058        17.464573476964798
52.941176470588246        88.23529411764704        15.028327141465656
52.941176470588246        76.47058823529414        18.768660788953092
52.94117647058821         79.41176470588235        17.835825591688078
52.94117647058823         82.3529411764706         16.90917790398926
52.94117647058824         85.29411764705881        15.97957063138984
55.882352941176464        73.52941176470588        19.03886337718518
61.76470588235292         67.64705882352939        19.352598308745048
91.17647058823532         61.76470588235295        12.558938898060404
94.11764705882358         61.76470588235295        11.420712416973004
100.00000000000001        52.94117647058824        9.808852015201701
100                       55.88235294117648        9.324830067613409
100                       58.8235294117647         8.839744674964512
97.0588235294118          61.76470588235295        9.857454583436798
99.99999999999999         61.76470588235294        8.353828714938203
73.52941176470594         58.82352941176471        18.363633539818274
76.47058823529416         58.823529411764696       17.499009898400693
70.58823529411768         58.82352941176468        19.235835805723717
79.4117647058824          58.823529411764696       16.640102071188053
67.64705882352942         61.76470588235295        19.35342310145579
70.58823529411768         61.76470588235295        18.515675443793512
67.64705882352942         64.7058823529412         18.592073007161382
70.58823529411768         64.7058823529412         17.796394389992727
73.52941176470591         61.76470588235295        17.684460884777007
76.47058823529414         61.76470588235295        16.858714070681422
88.2352941176471          61.76470588235295        13.50934933935906
85.29411764705887         61.76470588235295        14.377132314120823
82.35294117647067         61.76470588235295        15.212456988446162
79.41176470588238         61.76470588235295        16.036438713257482
91.17647058823532         64.70588235294122        12.072681056247376
94.1176470588236          64.70588235294122        10.94835152235127
88.23529411764709         64.70588235294122        12.999514847912863
58.82352941176472         94.11764705882352        11.895649783938223
58.823529411764696        97.05882352941177        10.346030723825564
97.05882352941177         64.70588235294122        9.37551879813948
100                       64.70588235294122        7.883356428516898
94.11764705882352         67.64705882352939        10.479854391939828
97.05882352941175         67.64705882352939        8.903549932455341
99.99999999999997         67.64705882352939        7.415067232778024
44.11764705882352         100                      11.228678996299553
47.05882352941176         100                      10.75448049468731
50.000000000000014        100                      10.283862865775795
52.941176470588246        100                      9.801303873986996
55.88235294117648         100                      9.316472002788132
97.0588235294118          94.11764705882352        4.962446822288852
100                       94.11764705882352        3.5391964860602525
97.0588235294118          97.05882352941177        3.942637638482471
100                       97.05882352941178        2.8004865855583665
58.82352941176472         100                      8.835636658885996
61.764705882352956        94.1176470588235         11.42128754039229
61.764705882352935        97.05882352941177        9.861777268589023
64.70588235294117         67.64705882352939        18.59167753965075
55.88235294117647         85.29411764705881        15.448701873773949
55.882352941176485        88.23529411764704        14.525147300271206
55.882352941176485        91.17647058823533        13.530991289223419
58.82352941176472         88.23529411764704        14.017953501754368
58.823529411764746        91.17647058823533        13.045763058946372
58.82352941176471         73.52941176470588        18.36196500234566
61.76470588235295         70.58823529411765        18.51472394476366
61.76470588235295         73.52941176470588        17.683435279314143
55.88235294117645         76.47058823529413        18.13524357929887
58.82352941176472         76.47058823529413        17.49760761000062
55.88235294117645         79.41176470588235        17.239385187605713
55.882352941176485        82.35294117647058        16.34699536826936
58.82352941176475         85.29411764705881        14.913630771397322
58.82352941176472         79.41176470588236        16.63854195420325
58.82352941176471         82.35294117647058        15.780387669079268
61.76470588235292         76.47058823529414        16.857816308485646
64.7058823529412          70.58823529411768        17.795865267093063
67.64705882352939         67.64705882352939        17.83364889024415
73.52941176470591         64.70588235294122        17.00542213386842
70.58823529411765         67.64705882352939        17.07903183830541
76.47058823529414         64.70588235294122        16.218116299846812
79.41176470588238         64.70588235294122        15.432235637032642
91.17647058823529         67.64705882352939        11.58845604380117
82.35294117647062         64.70588235294122        14.64244844409103
85.29411764705887         64.70588235294123        13.838854295275688
88.23529411764707         67.64705882352939        12.490810683813768
85.29411764705885         67.64705882352939        13.30137250049494
73.52941176470588         67.6470588235294         16.32759507177903
61.764705882352956        91.17647058823533        12.55926148242489
61.764705882352935        88.23529411764704        13.508690344366407
61.76470588235295         79.41176470588236        16.035361569645485
61.764705882352956        85.29411764705881        14.376336486482927
61.764705882352935        82.35294117647058        15.211483676617243
97.05882352941177         70.58823529411768        8.437483784001792
100                       70.58823529411768        6.946620887766896
94.11764705882356         70.58823529411768        10.017754274074695
94.11764705882356         73.5294117647059         9.560919622709447
97.05882352941175         73.52941176470588        7.977215916911306
97.05882352941173         79.41176470588235        7.106191028652103
100                       79.41176470588236        5.641503662483951
97.05882352941177         82.3529411764706         6.6967519903378925
100                       82.3529411764706         5.2363059656796604
97.05882352941177         76.47058823529414        7.534013720144889
100                       76.47058823529414        6.059876772728375
100                       73.52941176470588        6.49375415592841
97.0588235294118          91.17647058823533        5.489843368737215
100                       91.17647058823532        4.055334980592616
97.05882352941177         85.29411764705884        6.297831298878853
100.00000000000001        85.29411764705884        4.845117564205545
97.05882352941177         88.23529411764704        5.908220907637162
100                       88.23529411764706        4.468611834858314
94.11764705882356         94.11764705882352        6.261948108144487
94.11764705882358         97.05882352941177        4.960668311500898
94.11764705882356         91.17647058823533        6.92834076854369
91.17647058823532         94.1176470588235         6.928355167653578
91.17647058823533         97.0588235294118         5.489883448508534
94.11764705882356         88.23529411764704        7.409140587768188
61.76470588235295         100                      8.352688091693434
64.70588235294125         97.05882352941177        9.378275290453903
64.70588235294122         100                      7.876410541812417
67.64705882352943         97.05882352941175        8.902473108828818
67.64705882352942         100                      7.411524325088267
91.17647058823533         100                      4.058899495001443
94.11764705882356         100                      3.531657222866145
97.0588235294118          100                      2.772359837045445
100                       100                      1.1580324995226665
64.7058823529412          94.11764705882351        10.94820150121372
64.70588235294125         91.17647058823532        12.073052724391497
64.70588235294122         88.23529411764704        12.999326407868226
67.64705882352939         70.58823529411767        17.078849741606724
64.70588235294117         73.52941176470588        17.004832048882356
67.64705882352939         73.5294117647059         16.327366928512998
64.70588235294117         76.47058823529413        16.217613085272685
70.58823529411765         70.58823529411768        16.364158617410656
76.47058823529413         67.64705882352939        15.5782668393221
82.35294117647058         67.64705882352939        14.073048796517035
79.41176470588236         67.64705882352939        14.828579937029081
73.52941176470588         70.58823529411768        15.651489094412177
94.11764705882352         76.47058823529414        9.11510939360878
91.17647058823529         70.58823529411768        11.109034061934905
91.17647058823529         73.52941176470588        10.63408563430853
88.23529411764704         70.58823529411768        11.985498116674297
85.29411764705885         70.58823529411768        12.766101444487594
76.47058823529412         70.58823529411768        14.939713083219225
79.41176470588236         70.58823529411768        14.22618976019408
82.3529411764706          70.58823529411767        13.505217736712861
64.70588235294116         79.41176470588235        15.431612183543608
64.70588235294122         85.29411764705881        13.83849368202106
64.70588235294122         82.35294117647058        14.641945893828083
91.17647058823529         76.47058823529414        10.165256389493766
94.11764705882356         85.29411764705884        7.834661841782175
94.11764705882354         79.41176470588235        8.67990261447806
94.11764705882356         82.3529411764706         8.255315377406976
88.23529411764707         97.05882352941177        5.911357607913235
88.23529411764709         100.00000000000001       4.464066286698883
91.17647058823533         91.17647058823533        7.731025340332721
85.29411764705887         97.05882352941177        6.306944475462038
85.29411764705888         100.00000000000003       4.858542202097214
88.23529411764707         94.11764705882352        7.409328912249463
91.17647058823532         88.23529411764704        8.299901304009145
67.64705882352942         94.11764705882352        10.479686805362958
70.58823529411768         97.05882352941177        8.437808017565857
70.58823529411768         100                      6.951400845741712
73.52941176470591         97.05882352941177        7.983267413156636
73.52941176470591         100.00000000000001       6.506510740190786
82.35294117647062         97.05882352941177        6.699149568084397
82.35294117647061         100                      5.251000935774528
76.47058823529414         97.05882352941177        7.536463794563192
76.47058823529414         100.00000000000001       6.063379713085679
79.41176470588238         97.05882352941177        7.106599492766753
79.41176470588238         100                      5.648138579752908
67.64705882352942         91.17647058823533        11.588853146603288
67.64705882352942         88.23529411764704        12.491246504831214
67.6470588235294          85.29411764705884        13.301444611918656
70.58823529411765         73.5294117647059         15.651442973682126
67.64705882352939         76.47058823529413        15.578106845879994
67.64705882352942         82.35294117647058        14.07290617734545
67.64705882352942         79.41176470588236        14.828347361358569
70.58823529411765         76.47058823529413        14.93971457632379
91.17647058823532         85.29411764705884        8.784389300248506
91.17647058823532         82.3529411764706         9.245895974497428
91.17647058823528         79.41176470588235        9.70293175124621
73.52941176470588         73.52941176470588        14.976759121944653
76.47058823529414         73.52941176470588        14.302157423737796
88.23529411764707         73.5294117647059         11.483670769119865
85.29411764705885         73.5294117647059         12.233109542346426
79.41176470588236         73.52941176470588        13.624781598612461
82.3529411764706          73.52941176470588        12.938793420212209
88.23529411764704         76.47058823529414        10.985671522343491
88.23529411764704         79.41176470588235        10.490429630215052
85.29411764705887         94.11764705882352        7.836973775583826
88.23529411764707         91.17647058823533        8.30005798398215
88.23529411764709         88.23529411764704        8.944053746363362
82.35294117647062         94.11764705882351        8.25652199405917
70.58823529411768         94.11764705882351        10.017832455954181
70.58823529411768         91.17647058823533        11.109154622244006
73.52941176470591         94.11764705882352        9.562735246276416
76.47058823529413         94.11764705882354        9.116023303640091
79.41176470588236         94.1176470588235         8.681095748486815
70.58823529411765         79.41176470588235        14.2261630278391
70.58823529411768         88.23529411764704        11.985967911546194
70.58823529411762         82.3529411764706         13.505306767206905
70.58823529411768         85.29411764705881        12.76634982099493
88.23529411764709         82.3529411764706         9.994844020193852
88.23529411764707         85.29411764705884        9.487331698282405
73.52941176470588         76.47058823529414        14.302257601548774
76.47058823529412         76.47058823529414        13.66445626760518
85.29411764705885         76.47058823529414        11.702384658055207
79.41176470588236         76.47058823529414        13.023417968837684
82.3529411764706          76.47058823529414        12.373215699410089
85.29411764705881         79.41176470588235        11.171840731188421
85.29411764705887         91.17647058823533        8.78541068142055
85.29411764705885         88.23529411764707        9.488154242716131
82.35294117647062         91.17647058823533        9.246516301897696
73.52941176470591         91.17647058823533        10.634829511804039
79.41176470588236         91.17647058823533        9.704509722865103
76.47058823529413         91.17647058823533        10.166900165577728
73.52941176470587         79.41176470588236        13.624954780371944
73.52941176470591         88.23529411764704        11.48397451459451
73.52941176470591         82.35294117647058        12.93926196657481
73.52941176470591         85.29411764705881        12.233371959468654
85.29411764705887         82.3529411764706         10.63635588815358
85.29411764705887         85.29411764705884        10.083817335178214
76.47058823529413         79.41176470588235        13.023499916389648
82.3529411764706          79.41176470588235        11.805974560228808
79.41176470588235         79.41176470588235        12.419217226607017
76.47058823529413         88.23529411764707        10.98657207423653
79.41176470588238         88.23529411764707        10.491459608644446
82.3529411764706          88.23529411764704        9.99540715120213
76.47058823529416         82.35294117647061        12.373640033748082
76.47058823529414         85.29411764705884        11.702617818393968
82.3529411764706          82.35294117647058        11.231175362150601
82.35294117647062         85.29411764705884        10.636369270405174
79.41176470588238         85.29411764705884        11.172079373190568
79.41176470588236         82.35294117647058        11.806264039216392
